v3.0 hex words addressed #FFFF IIII IIII SSSS
0000: 40004000 14008000 00000000 00000000 00000000 00000000 00000000 00000000 # NOP
0010: 40004000 14008000 48000000 12000000 00000000 00000000 00000000 00000000 # LDA
0020: 40004000 14008000 48000000 10020000 02081000 00000000 00000000 00000000 # ADD
0030: 40004000 14008000 48000000 10020000 02181000 00000000 00000000 00000000 # SUB
0040: 40004000 14008000 48000000 21000000 00000000 00000000 00000000 00000000 # STA
0050: 40004000 14008000 0a000000 00000000 00000000 00000000 00000000 00000000 # LDI
0060: 40004000 14008000 08002000 00000000 00000000 00000000 00000000 00000000 # JMP
0070: 40004000 14008000 00000000 00000000 00000000 00000000 00000000 00000000 # JC
0080: 40004000 14008000 00000000 00000000 00000000 00000000 00000000 00000000 # JZ
0090: 40004000 14008000 48000000 12000000 201c1000 00000000 00000000 00000000 # INC
00a0: 40004000 14008000 48000000 12000000 209c1000 00000000 00000000 00000000 # DEC
00b0: 40004000 14008000 0a000000 00000000 00000000 00000000 00000000 00000000 # LDI
00c0: 40004000 14008000 48000000 20000800 00000000 00000000 00000000 00000000 # RTC
00d0: 40004000 14008000 48000000 10020000 00101000 00000000 00000000 00000000 # CMP
00e0: 40004000 14008000 01010000 00000000 00000000 00000000 00000000 00000000 # OUT
00f0: 40004000 14008000 80000000 00000000 00000000 00000000 00000000 00000000 # HLT
0100: 40004000 14008000 48000000 10020000 02081000 00000000 00000000 00000000 # ADD
0110: 40004000 14008000 48000000 10020000 02181000 00000000 00000000 00000000 # SUB
0120: 40004000 14008000 48000000 10020000 02281000 00000000 00000000 00000000 # MUL
0130: 40004000 14008000 48000000 10020000 02381000 00000000 00000000 00000000 # MLU
0140: 40004000 14008000 48000000 10020000 02481000 00000000 00000000 00000000 # DIV
0150: 40004000 14008000 48000000 10020000 02581000 00000000 00000000 00000000 # MOD
0160: 40004000 14008000 48000000 10020000 02681000 00000000 00000000 00000000 # AND
0170: 40004000 14008000 48000000 10020000 02781000 00000000 00000000 00000000 # OR 
0180: 40004000 14008000 48000000 10020000 02881000 00000000 00000000 00000000 # XOR
0190: 40004000 14008000 48000000 10020000 02981000 00000000 00000000 00000000 # NOT
01a0: 40004000 14008000 48000000 10020000 02a81000 00000000 00000000 00000000 # LSL
01b0: 40004000 14008000 48000000 10020000 02b81000 00000000 00000000 00000000 # LSR
01c0: 40004000 14008000 48000000 10020000 02c81000 00000000 00000000 00000000 # ASR
01d0: 40004000 14008000 48000000 10020000 02d81000 00000000 00000000 00000000 # RSL
01e0: 40004000 14008000 48000000 10020000 02e81000 00000000 00000000 00000000 # RSR
01f0: 40004000 14008000 48000000 10020000 02f81000 00000000 00000000 00000000 # CNT
1000: 40004000 14008000 00000000 00000000 00000000 00000000 00000000 00000000 # NOP
1010: 40004000 14008000 48000000 12000000 00000000 00000000 00000000 00000000 # LDA
1020: 40004000 14008000 48000000 10020000 02081000 00000000 00000000 00000000 # ADD
1030: 40004000 14008000 48000000 10020000 02181000 00000000 00000000 00000000 # SUB
1040: 40004000 14008000 48000000 21000000 00000000 00000000 00000000 00000000 # STA
1050: 40004000 14008000 0a000000 00000000 00000000 00000000 00000000 00000000 # LDI
1060: 40004000 14008000 08002000 00000000 00000000 00000000 00000000 00000000 # JMP
1070: 40004000 14008000 08002000 00000000 00000000 00000000 00000000 00000000 # JC
1080: 40004000 14008000 00000000 00000000 00000000 00000000 00000000 00000000 # JZ
1090: 40004000 14008000 48000000 12000000 201c1000 00000000 00000000 00000000 # INC
10a0: 40004000 14008000 48000000 12000000 209c1000 00000000 00000000 00000000 # DEC
10b0: 40004000 14008000 0a000000 00000000 00000000 00000000 00000000 00000000 # LDI
10c0: 40004000 14008000 48000000 20000800 00000000 00000000 00000000 00000000 # RTC
10d0: 40004000 14008000 48000000 10020000 00101000 00000000 00000000 00000000 # CMP
10e0: 40004000 14008000 01010000 00000000 00000000 00000000 00000000 00000000 # OUT
10f0: 40004000 14008000 80000000 00000000 00000000 00000000 00000000 00000000 # HLT
1100: 40004000 14008000 48000000 10020000 02081000 00000000 00000000 00000000 # ADD
1110: 40004000 14008000 48000000 10020000 02181000 00000000 00000000 00000000 # SUB
1120: 40004000 14008000 48000000 10020000 02281000 00000000 00000000 00000000 # MUL
1130: 40004000 14008000 48000000 10020000 02381000 00000000 00000000 00000000 # MLU
1140: 40004000 14008000 48000000 10020000 02481000 00000000 00000000 00000000 # DIV
1150: 40004000 14008000 48000000 10020000 02581000 00000000 00000000 00000000 # MOD
1160: 40004000 14008000 48000000 10020000 02681000 00000000 00000000 00000000 # AND
1170: 40004000 14008000 48000000 10020000 02781000 00000000 00000000 00000000 # OR 
1180: 40004000 14008000 48000000 10020000 02881000 00000000 00000000 00000000 # XOR
1190: 40004000 14008000 48000000 10020000 02981000 00000000 00000000 00000000 # NOT
11a0: 40004000 14008000 48000000 10020000 02a81000 00000000 00000000 00000000 # LSL
11b0: 40004000 14008000 48000000 10020000 02b81000 00000000 00000000 00000000 # LSR
11c0: 40004000 14008000 48000000 10020000 02c81000 00000000 00000000 00000000 # ASR
11d0: 40004000 14008000 48000000 10020000 02d81000 00000000 00000000 00000000 # RSL
11e0: 40004000 14008000 48000000 10020000 02e81000 00000000 00000000 00000000 # RSR
11f0: 40004000 14008000 48000000 10020000 02f81000 00000000 00000000 00000000 # CNT
2000: 40004000 14008000 00000000 00000000 00000000 00000000 00000000 00000000 # NOP
2010: 40004000 14008000 48000000 12000000 00000000 00000000 00000000 00000000 # LDA
2020: 40004000 14008000 48000000 10020000 02081000 00000000 00000000 00000000 # ADD
2030: 40004000 14008000 48000000 10020000 02181000 00000000 00000000 00000000 # SUB
2040: 40004000 14008000 48000000 21000000 00000000 00000000 00000000 00000000 # STA
2050: 40004000 14008000 0a000000 00000000 00000000 00000000 00000000 00000000 # LDI
2060: 40004000 14008000 08002000 00000000 00000000 00000000 00000000 00000000 # JMP
2070: 40004000 14008000 00000000 00000000 00000000 00000000 00000000 00000000 # JC
2080: 40004000 14008000 08002000 00000000 00000000 00000000 00000000 00000000 # JZ
2090: 40004000 14008000 48000000 12000000 201c1000 00000000 00000000 00000000 # INC
20a0: 40004000 14008000 48000000 12000000 209c1000 00000000 00000000 00000000 # DEC
20b0: 40004000 14008000 0a000000 00000000 00000000 00000000 00000000 00000000 # LDI
20c0: 40004000 14008000 48000000 20000800 00000000 00000000 00000000 00000000 # RTC
20d0: 40004000 14008000 48000000 10020000 00101000 00000000 00000000 00000000 # CMP
20e0: 40004000 14008000 01010000 00000000 00000000 00000000 00000000 00000000 # OUT
20f0: 40004000 14008000 80000000 00000000 00000000 00000000 00000000 00000000 # HLT
2100: 40004000 14008000 48000000 10020000 02081000 00000000 00000000 00000000 # ADD
2110: 40004000 14008000 48000000 10020000 02181000 00000000 00000000 00000000 # SUB
2120: 40004000 14008000 48000000 10020000 02281000 00000000 00000000 00000000 # MUL
2130: 40004000 14008000 48000000 10020000 02381000 00000000 00000000 00000000 # MLU
2140: 40004000 14008000 48000000 10020000 02481000 00000000 00000000 00000000 # DIV
2150: 40004000 14008000 48000000 10020000 02581000 00000000 00000000 00000000 # MOD
2160: 40004000 14008000 48000000 10020000 02681000 00000000 00000000 00000000 # AND
2170: 40004000 14008000 48000000 10020000 02781000 00000000 00000000 00000000 # OR 
2180: 40004000 14008000 48000000 10020000 02881000 00000000 00000000 00000000 # XOR
2190: 40004000 14008000 48000000 10020000 02981000 00000000 00000000 00000000 # NOT
21a0: 40004000 14008000 48000000 10020000 02a81000 00000000 00000000 00000000 # LSL
21b0: 40004000 14008000 48000000 10020000 02b81000 00000000 00000000 00000000 # LSR
21c0: 40004000 14008000 48000000 10020000 02c81000 00000000 00000000 00000000 # ASR
21d0: 40004000 14008000 48000000 10020000 02d81000 00000000 00000000 00000000 # RSL
21e0: 40004000 14008000 48000000 10020000 02e81000 00000000 00000000 00000000 # RSR
21f0: 40004000 14008000 48000000 10020000 02f81000 00000000 00000000 00000000 # CNT
3000: 40004000 14008000 00000000 00000000 00000000 00000000 00000000 00000000 # NOP
3010: 40004000 14008000 48000000 12000000 00000000 00000000 00000000 00000000 # LDA
3020: 40004000 14008000 48000000 10020000 02081000 00000000 00000000 00000000 # ADD
3030: 40004000 14008000 48000000 10020000 02181000 00000000 00000000 00000000 # SUB
3040: 40004000 14008000 48000000 21000000 00000000 00000000 00000000 00000000 # STA
3050: 40004000 14008000 0a000000 00000000 00000000 00000000 00000000 00000000 # LDI
3060: 40004000 14008000 08002000 00000000 00000000 00000000 00000000 00000000 # JMP
3070: 40004000 14008000 08002000 00000000 00000000 00000000 00000000 00000000 # JC
3080: 40004000 14008000 08002000 00000000 00000000 00000000 00000000 00000000 # JZ
3090: 40004000 14008000 48000000 12000000 201c1000 00000000 00000000 00000000 # INC
30a0: 40004000 14008000 48000000 12000000 209c1000 00000000 00000000 00000000 # DEC
30b0: 40004000 14008000 0a000000 00000000 00000000 00000000 00000000 00000000 # LDI
30c0: 40004000 14008000 48000000 20000800 00000000 00000000 00000000 00000000 # RTC
30d0: 40004000 14008000 48000000 10020000 00101000 00000000 00000000 00000000 # CMP
30e0: 40004000 14008000 01010000 00000000 00000000 00000000 00000000 00000000 # OUT
30f0: 40004000 14008000 80000000 00000000 00000000 00000000 00000000 00000000 # HLT
3100: 40004000 14008000 48000000 10020000 02081000 00000000 00000000 00000000 # ADD
3110: 40004000 14008000 48000000 10020000 02181000 00000000 00000000 00000000 # SUB
3120: 40004000 14008000 48000000 10020000 02281000 00000000 00000000 00000000 # MUL
3130: 40004000 14008000 48000000 10020000 02381000 00000000 00000000 00000000 # MLU
3140: 40004000 14008000 48000000 10020000 02481000 00000000 00000000 00000000 # DIV
3150: 40004000 14008000 48000000 10020000 02581000 00000000 00000000 00000000 # MOD
3160: 40004000 14008000 48000000 10020000 02681000 00000000 00000000 00000000 # AND
3170: 40004000 14008000 48000000 10020000 02781000 00000000 00000000 00000000 # OR 
3180: 40004000 14008000 48000000 10020000 02881000 00000000 00000000 00000000 # XOR
3190: 40004000 14008000 48000000 10020000 02981000 00000000 00000000 00000000 # NOT
31a0: 40004000 14008000 48000000 10020000 02a81000 00000000 00000000 00000000 # LSL
31b0: 40004000 14008000 48000000 10020000 02b81000 00000000 00000000 00000000 # LSR
31c0: 40004000 14008000 48000000 10020000 02c81000 00000000 00000000 00000000 # ASR
31d0: 40004000 14008000 48000000 10020000 02d81000 00000000 00000000 00000000 # RSL
31e0: 40004000 14008000 48000000 10020000 02e81000 00000000 00000000 00000000 # RSR
31f0: 40004000 14008000 48000000 10020000 02f81000 00000000 00000000 00000000 # CNT
