v3.0 hex words addressed #F FIII ISSS
000: 4004 1408 0000 0000 0000 0000 0000 0000 #NOP
008: 4004 1408 4800 1200 0000 0000 0000 0000 #LDA
010: 4004 1408 4800 1020 0281 0000 0000 0000 #ADD
018: 4004 1408 4800 1020 02c1 0000 0000 0000 #SUB
020: 4004 1408 4800 2100 0000 0000 0000 0000 #STA
028: 4004 1408 0a00 0000 0000 0000 0000 0000 #LDI
030: 4004 1408 0802 0000 0000 0000 0000 0000 #JMP
038: 4004 1408 0000 0000 0000 0000 0000 0000 #JC
040: 4004 1408 0000 0000 0000 0000 0000 0000 #JZ
048: 4004 1408 0000 0000 0000 0000 0000 0000 #
050: 4004 1408 0000 0000 0000 0000 0000 0000 #
058: 4004 1408 0000 0000 0000 0000 0000 0000 #
060: 4004 1408 0000 0000 0000 0000 0000 0000 #
068: 4004 1408 0000 0000 0000 0000 0000 0000 #
070: 4004 1408 0110 0000 0000 0000 0000 0000 #OUT
078: 4004 1408 8000 0000 0000 0000 0000 0000 #HLT
080: 4004 1408 0000 0000 0000 0000 0000 0000 #NOP
088: 4004 1408 4800 1200 0000 0000 0000 0000 #LDA
090: 4004 1408 4800 1020 0281 0000 0000 0000 #ADD
098: 4004 1408 4800 1020 02c1 0000 0000 0000 #SUB
0a0: 4004 1408 4800 2100 0000 0000 0000 0000 #STA
0a8: 4004 1408 0a00 0000 0000 0000 0000 0000 #LDI
0b0: 4004 1408 0802 0000 0000 0000 0000 0000 #JMP
0b8: 4004 1408 0802 0000 0000 0000 0000 0000 #JC
0c0: 4004 1408 0000 0000 0000 0000 0000 0000 #JZ
0c8: 4004 1408 0000 0000 0000 0000 0000 0000 #
0d0: 4004 1408 0000 0000 0000 0000 0000 0000 #
0d8: 4004 1408 0000 0000 0000 0000 0000 0000 #
0e0: 4004 1408 0000 0000 0000 0000 0000 0000 #
0e8: 4004 1408 0000 0000 0000 0000 0000 0000 #
0f0: 4004 1408 0110 0000 0000 0000 0000 0000 #OUT
0f8: 4004 1408 8000 0000 0000 0000 0000 0000 #HLT
100: 4004 1408 0000 0000 0000 0000 0000 0000 #NOP
108: 4004 1408 4800 1200 0000 0000 0000 0000 #LDA
110: 4004 1408 4800 1020 0281 0000 0000 0000 #ADD
118: 4004 1408 4800 1020 02c1 0000 0000 0000 #SUB
120: 4004 1408 4800 2100 0000 0000 0000 0000 #STA
128: 4004 1408 0a00 0000 0000 0000 0000 0000 #LDI
130: 4004 1408 0802 0000 0000 0000 0000 0000 #JMP
138: 4004 1408 0000 0000 0000 0000 0000 0000 #JC
140: 4004 1408 0802 0000 0000 0000 0000 0000 #JZ
148: 4004 1408 0000 0000 0000 0000 0000 0000 #
150: 4004 1408 0000 0000 0000 0000 0000 0000 #
158: 4004 1408 0000 0000 0000 0000 0000 0000 #
160: 4004 1408 0000 0000 0000 0000 0000 0000 #
168: 4004 1408 0000 0000 0000 0000 0000 0000 #
170: 4004 1408 0110 0000 0000 0000 0000 0000 #OUT
178: 4004 1408 8000 0000 0000 0000 0000 0000 #HLT
180: 4004 1408 0000 0000 0000 0000 0000 0000 #NOP
188: 4004 1408 4800 1200 0000 0000 0000 0000 #LDA
190: 4004 1408 4800 1020 0281 0000 0000 0000 #ADD
198: 4004 1408 4800 1020 02c1 0000 0000 0000 #SUB
1a0: 4004 1408 4800 2100 0000 0000 0000 0000 #STA
1a8: 4004 1408 0a00 0000 0000 0000 0000 0000 #LDI
1b0: 4004 1408 0802 0000 0000 0000 0000 0000 #JMP
1b8: 4004 1408 0802 0000 0000 0000 0000 0000 #JC
1c0: 4004 1408 0802 0000 0000 0000 0000 0000 #JZ
1c8: 4004 1408 0000 0000 0000 0000 0000 0000 #
1d0: 4004 1408 0000 0000 0000 0000 0000 0000 #
1d8: 4004 1408 0000 0000 0000 0000 0000 0000 #
1e0: 4004 1408 0000 0000 0000 0000 0000 0000 #
1e8: 4004 1408 0000 0000 0000 0000 0000 0000 #
1f0: 4004 1408 0110 0000 0000 0000 0000 0000 #OUT
1f8: 4004 1408 8000 0000 0000 0000 0000 0000 #HLT
